#include "InttSurveyMap.h"

Eigen::Affine3d InttSurvey::GetTransform(struct Intt::Offline_s const& ofl)
{
	Eigen::Affine3d t;

	switch (ofl.layer) {
		case  3:
		switch (ofl.ladder_phi) {
			case  0:
			switch (ofl.ladder_z) {
				case  0:
				t.matrix() = Eigen::Matrix4d{
					{  -0.261612052,   -0.965173115,   -0.000087493,  +74.937399797},
					{  +0.965172574,   -0.261611759,   -0.001134283,  +16.829682108},
					{  +0.001324270,   -0.000381253,   +0.999999338,  -70.050416057},
					{  +0.000000000,   +0.000000000,   +0.000000000,   +1.000000000}};
				return t;
				case  1:
				t.matrix() = Eigen::Matrix4d{
					{  -0.262379601,   -0.964964592,   +0.000539955,  +74.916513003},
					{  +0.964964339,   -0.262379968,   -0.000850785,  +16.929732769},
					{  +0.001196338,   +0.000297569,   +0.999999502, -186.222604248},
					{  +0.000000000,   +0.000000000,   +0.000000000,   +1.000000000}};
				return t;
				case  2:
				t.matrix() = Eigen::Matrix4d{
					{  -0.261655967,   -0.965161212,   +0.000055564,  +74.925570688},
					{  +0.965160897,   -0.261655887,   -0.000882032,  +16.701181014},
					{  +0.001103753,   -0.000177236,   +0.999999640,  +61.061113929},
					{  +0.000000000,   +0.000000000,   +0.000000000,   +1.000000000}};
				return t;
				case  3:
				t.matrix() = Eigen::Matrix4d{
					{  -0.261820480,   -0.965116537,   +0.000333477,  +74.944292000},
					{  +0.965116423,   -0.261820631,   -0.000591052,  +16.598147285},
					{  +0.000933856,   +0.000166982,   +0.999999846, +177.219029193},
					{  +0.000000000,   +0.000000000,   +0.000000000,   +1.000000000}};
				return t;
				default:
				return t;
			}
			case  1:
			switch (ofl.ladder_z) {
				case  0:
				t.matrix() = Eigen::Matrix4d{
					{  -0.707910258,   -0.706302417,   +0.000245904,  +55.651755245},
					{  +0.706302025,   -0.707910185,   -0.000606414,  +50.534015760},
					{  +0.001342363,   -0.000256322,   +0.999999799,  -70.086397700},
					{  +0.000000000,   +0.000000000,   +0.000000000,   +1.000000000}};
				return t;
				case  1:
				t.matrix() = Eigen::Matrix4d{
					{  -0.708142857,   -0.706069218,   +0.000242052,  +55.629187253},
					{  +0.706068547,   -0.708142625,   -0.000991350,  +50.620598963},
					{  +0.001593923,   -0.000532063,   +0.999999302, -186.262124612},
					{  +0.000000000,   +0.000000000,   +0.000000000,   +1.000000000}};
				return t;
				case  2:
				t.matrix() = Eigen::Matrix4d{
					{  -0.708247080,   -0.705964601,   +0.000383603,  +55.708619624},
					{  +0.705964237,   -0.708247112,   -0.000525530,  +50.464483625},
					{  +0.001382820,   -0.000102450,   +0.999999773,  +61.062128047},
					{  +0.000000000,   +0.000000000,   +0.000000000,   +1.000000000}};
				return t;
				case  3:
				t.matrix() = Eigen::Matrix4d{
					{  -0.709737594,   -0.704465972,   +0.000575448,  +55.767719164},
					{  +0.704465611,   -0.709737763,   -0.000520623,  +50.406986643},
					{  +0.001505396,   +0.000033336,   +0.999999590, +177.224476238},
					{  +0.000000000,   +0.000000000,   +0.000000000,   +1.000000000}};
				return t;
				default:
				return t;
			}
			case  2:
			switch (ofl.ladder_z) {
				case  0:
				t.matrix() = Eigen::Matrix4d{
					{  -0.967212126,   -0.253969348,   +0.000192076,  +21.891384732},
					{  +0.253969404,   -0.967212134,   -0.000577767,  +69.919762896},
					{  -0.000300267,   -0.000508150,   +0.999999887,  -70.130153531},
					{  +0.000000000,   +0.000000000,   +0.000000000,   +1.000000000}};
				return t;
				case  1:
				t.matrix() = Eigen::Matrix4d{
					{  -0.967064724,   -0.254530106,   +0.000082377,  +21.886240067},
					{  +0.254529563,   -0.967062906,   -0.002027105,  +70.054637915},
					{  -0.000019198,   -0.001937860,   +0.999998187, -186.309529676},
					{  +0.000000000,   +0.000000000,   +0.000000000,   +1.000000000}};
				return t;
				case  2:
				t.matrix() = Eigen::Matrix4d{
					{  -0.966882414,   -0.255221793,   -0.000081952,  +21.890821383},
					{  +0.255222006,   -0.966882461,   -0.000370011,  +69.869548168},
					{  -0.000605610,   -0.000377623,   +0.999999794,  +60.961250194},
					{  +0.000000000,   +0.000000000,   +0.000000000,   +1.000000000}};
				return t;
				case  3:
				t.matrix() = Eigen::Matrix4d{
					{  -0.966551037,   -0.256473604,   +0.000362844,  +21.905929282},
					{  +0.256474089,   -0.966550607,   +0.001044314,  +69.907180301},
					{  -0.000538224,   +0.001102651,   +0.999999298, +177.137434901},
					{  +0.000000000,   +0.000000000,   +0.000000000,   +1.000000000}};
				return t;
				default:
				return t;
			}
			case  3:
			switch (ofl.ladder_z) {
				case  0:
				t.matrix() = Eigen::Matrix4d{
					{  -0.962144573,   +0.272539997,   -0.000070907,  -21.282785313},
					{  -0.272540031,   -0.962144392,   +0.000338476,  +69.725891125},
					{  +0.000095675,   +0.000343520,   +0.999999964,  -70.513787677},
					{  +0.000000000,   +0.000000000,   +0.000000000,   +1.000000000}};
				return t;
				case  1:
				t.matrix() = Eigen::Matrix4d{
					{  -0.963551013,   +0.267523191,   -0.001024116,  -21.291829430},
					{  -0.267522309,   -0.963551244,   +0.000324157,  +69.672821256},
					{  +0.001469449,   +0.000586065,   +0.999999662, -186.672482891},
					{  +0.000000000,   +0.000000000,   +0.000000000,   +1.000000000}};
				return t;
				case  2:
				t.matrix() = Eigen::Matrix4d{
					{  -0.963473928,   +0.267802645,   -0.000011595,  -21.271334400},
					{  -0.267802579,   -0.963473761,   +0.000240843,  +69.755460622},
					{  +0.000424636,   +0.000234832,   +0.999999987,  +60.565956392},
					{  +0.000000000,   +0.000000000,   +0.000000000,   +1.000000000}};
				return t;
				case  3:
				t.matrix() = Eigen::Matrix4d{
					{  -0.963559178,   +0.267495660,   -0.000305443,  -21.282760307},
					{  -0.267495739,   -0.963558851,   +0.000581338,  +69.800614409},
					{  +0.000151863,   +0.000641614,   +0.999999846, +176.762455327},
					{  +0.000000000,   +0.000000000,   +0.000000000,   +1.000000000}};
				return t;
				default:
				return t;
			}
			case  4:
			switch (ofl.ladder_z) {
				case  0:
				t.matrix() = Eigen::Matrix4d{
					{  -0.697969437,   +0.716127613,   -0.000038778,  -55.254038538},
					{  -0.716127398,   -0.697969072,   +0.000884853,  +50.146654223},
					{  +0.000728097,   +0.000645358,   +0.999999609,  -70.347804547},
					{  +0.000000000,   +0.000000000,   +0.000000000,   +1.000000000}};
				return t;
				case  1:
				t.matrix() = Eigen::Matrix4d{
					{  -0.696495315,   +0.717561074,   +0.000659445,  -55.284759520},
					{  -0.717561267,   -0.696495450,   +0.000046090,  +50.098622423},
					{  +0.000633139,   -0.000441303,   +0.999999793, -186.518875239},
					{  +0.000000000,   +0.000000000,   +0.000000000,   +1.000000000}};
				return t;
				case  2:
				t.matrix() = Eigen::Matrix4d{
					{  -0.696682852,   +0.717379134,   +0.000503851,  -55.217946758},
					{  -0.717378928,   -0.696682980,   +0.000601460,  +50.231777243},
					{  +0.000908993,   +0.000057388,   +0.999999676,  +60.716479621},
					{  +0.000000000,   +0.000000000,   +0.000000000,   +1.000000000}};
				return t;
				case  3:
				t.matrix() = Eigen::Matrix4d{
					{  -0.696430210,   +0.717624575,   +0.000133097,  -55.173321253},
					{  -0.717624362,   -0.696430040,   +0.000727499,  +50.302066642},
					{  +0.000744660,   +0.000410917,   +0.999999727, +176.907856668},
					{  +0.000000000,   +0.000000000,   +0.000000000,   +1.000000000}};
				return t;
				default:
				return t;
			}
			case  5:
			switch (ofl.ladder_z) {
				case  0:
				t.matrix() = Eigen::Matrix4d{
					{  -0.258634226,   +0.965975272,   -0.000409865,  -74.311259855},
					{  -0.965975926,   -0.258633964,   +0.000392015,  +16.708975018},
					{  +0.000912385,   +0.000497231,   +0.999999845,  -70.151043323},
					{  +0.000000000,   +0.000000000,   +0.000000000,   +1.000000000}};
				return t;
				case  1:
				t.matrix() = Eigen::Matrix4d{
					{  -0.256647212,   +0.966504979,   +0.000609341,  -74.321151446},
					{  -0.966505772,   -0.256647188,   +0.000001813,  +16.693976896},
					{  +0.000817123,   -0.000589809,   +0.999999890, -186.322134771},
					{  +0.000000000,   +0.000000000,   +0.000000000,   +1.000000000}};
				return t;
				case  2:
				t.matrix() = Eigen::Matrix4d{
					{  -0.256899947,   +0.966438009,   +0.000202040,  -74.313977426},
					{  -0.966438529,   -0.256899917,   +0.000410166,  +16.753579035},
					{  +0.001093015,   -0.000091069,   +0.999999793,  +60.913263041},
					{  +0.000000000,   +0.000000000,   +0.000000000,   +1.000000000}};
				return t;
				case  3:
				t.matrix() = Eigen::Matrix4d{
					{  -0.256559563,   +0.966528433,   -0.000182995,  -74.302840147},
					{  -0.966529013,   -0.256559387,   +0.000338805,  +16.794784102},
					{  +0.000928630,   +0.000262395,   +0.999999927, +177.104656949},
					{  +0.000000000,   +0.000000000,   +0.000000000,   +1.000000000}};
				return t;
				default:
				return t;
			}
			case  6:
			switch (ofl.ladder_z) {
				case  0:
				t.matrix() = Eigen::Matrix4d{
					{  +0.265296080,   +0.964166694,   -0.000663623,  -74.296934064},
					{  -0.964166304,   +0.265296418,   +0.000032796,  -22.517396092},
					{  -0.000297090,   +0.000634365,   +0.999999745,  -70.383551916},
					{  +0.000000000,   +0.000000000,   +0.000000000,   +1.000000000}};
				return t;
				case  1:
				t.matrix() = Eigen::Matrix4d{
					{  +0.264474122,   +0.964392581,   +0.000517105,  -74.283913684},
					{  -0.964392096,   +0.264474210,   +0.000328502,  -22.545608355},
					{  -0.000307804,   -0.000582795,   +0.999999767, -186.543032772},
					{  +0.000000000,   +0.000000000,   +0.000000000,   +1.000000000}};
				return t;
				case  2:
				t.matrix() = Eigen::Matrix4d{
					{  +0.263181124,   +0.964746285,   +0.000421668,  -74.280838911},
					{  -0.964745700,   +0.263181153,   +0.000492896,  -22.471083356},
					{  -0.000130295,   -0.000534447,   +0.999999840,  +60.730211432},
					{  +0.000000000,   +0.000000000,   +0.000000000,   +1.000000000}};
				return t;
				case  3:
				t.matrix() = Eigen::Matrix4d{
					{  +0.261021176,   +0.965333001,   +0.000115931,  -74.276253033},
					{  -0.965332320,   +0.261021350,   +0.000442904,  -22.432341525},
					{  -0.000098018,   -0.000226611,   +0.999999962, +176.902174271},
					{  +0.000000000,   +0.000000000,   +0.000000000,   +1.000000000}};
				return t;
				default:
				return t;
			}
			case  7:
			switch (ofl.ladder_z) {
				case  0:
				t.matrix() = Eigen::Matrix4d{
					{  +0.707544715,   +0.706669261,   +0.000427429,  -54.991165017},
					{  -0.706669375,   +0.707543952,   -0.000897607,  -56.227688648},
					{  -0.000773566,   +0.000332440,   +0.999999599,  -70.254751428},
					{  +0.000000000,   +0.000000000,   +0.000000000,   +1.000000000}};
				return t;
				case  1:
				t.matrix() = Eigen::Matrix4d{
					{  +0.705155602,   +0.709051153,   +0.001959484,  -55.111417856},
					{  -0.709053758,   +0.705154772,   +0.000570443,  -56.188369663},
					{  -0.000483254,   -0.001791297,   +0.999998022, -186.411774768},
					{  +0.000000000,   +0.000000000,   +0.000000000,   +1.000000000}};
				return t;
				case  2:
				t.matrix() = Eigen::Matrix4d{
					{  +0.708307673,   +0.705904527,   +0.000486704,  -54.930902047},
					{  -0.705905253,   +0.708306957,   -0.000163358,  -56.248747731},
					{  -0.000221804,   -0.000228765,   +0.999999828,  +60.853685701},
					{  +0.000000000,   +0.000000000,   +0.000000000,   +1.000000000}};
				return t;
				case  3:
				t.matrix() = Eigen::Matrix4d{
					{  +0.708275526,   +0.705936956,   +0.000073128,  -54.887771070},
					{  -0.705937385,   +0.708274528,   -0.000712859,  -56.299577304},
					{  -0.000372986,   +0.000452382,   +0.999999730, +177.041604820},
					{  +0.000000000,   +0.000000000,   +0.000000000,   +1.000000000}};
				return t;
				default:
				return t;
			}
			case  8:
			switch (ofl.ladder_z) {
				case  0:
				t.matrix() = Eigen::Matrix4d{
					{  +0.965736071,   +0.259524195,   +0.001483077,  -21.270807446},
					{  -0.259524650,   +0.965736424,   +0.000213751,  -75.859485694},
					{  -0.001102780,   -0.000592430,   +0.999998932,  -70.287772825},
					{  +0.000000000,   +0.000000000,   +0.000000000,   +1.000000000}};
				return t;
				case  1:
				t.matrix() = Eigen::Matrix4d{
					{  +0.965396141,   +0.260785341,   +0.001620198,  -21.460956014},
					{  -0.260786294,   +0.965396394,   +0.000492876,  -75.907357149},
					{  -0.001103083,   -0.000898949,   +0.999998643, -186.458250031},
					{  +0.000000000,   +0.000000000,   +0.000000000,   +1.000000000}};
				return t;
				case  2:
				t.matrix() = Eigen::Matrix4d{
					{  +0.966215396,   +0.257734812,   +0.001413076,  -21.098351646},
					{  -0.257735524,   +0.966215358,   +0.000454449,  -75.766597326},
					{  -0.000889998,   -0.000805119,   +0.999998902,  +60.762683532},
					{  +0.000000000,   +0.000000000,   +0.000000000,   +1.000000000}};
				return t;
				case  3:
				t.matrix() = Eigen::Matrix4d{
					{  +0.965760046,   +0.259436248,   +0.001208370,  -20.937346874},
					{  -0.259436374,   +0.965760159,   +0.000070656,  -75.734959463},
					{  -0.000925850,   -0.000382875,   +0.999999234, +176.944763918},
					{  +0.000000000,   +0.000000000,   +0.000000000,   +1.000000000}};
				return t;
				default:
				return t;
			}
			case  9:
			switch (ofl.ladder_z) {
				case  0:
				t.matrix() = Eigen::Matrix4d{
					{  +0.964059448,   -0.265684278,   +0.001057283,  +22.158890557},
					{  +0.265686060,   +0.964057645,   -0.001962335,  -75.254552635},
					{  -0.000588656,   +0.002172856,   +0.999997534,  -70.219356611},
					{  +0.000000000,   +0.000000000,   +0.000000000,   +1.000000000}};
				return t;
				case  1:
				t.matrix() = Eigen::Matrix4d{
					{  +0.964098615,   -0.265541959,   +0.001117393,  +22.037653697},
					{  +0.265543860,   +0.964096686,   -0.002022462,  -75.040368874},
					{  -0.000608667,   +0.002246698,   +0.999997344, -186.392016835},
					{  +0.000000000,   +0.000000000,   +0.000000000,   +1.000000000}};
				return t;
				case  2:
				t.matrix() = Eigen::Matrix4d{
					{  +0.964116436,   -0.265476493,   +0.001258978,  +22.322688925},
					{  +0.265478411,   +0.964115632,   -0.001531802,  -75.471838406},
					{  -0.000906123,   +0.001811190,   +0.999998022,  +60.921851083},
					{  +0.000000000,   +0.000000000,   +0.000000000,   +1.000000000}};
				return t;
				case  3:
				t.matrix() = Eigen::Matrix4d{
					{  +0.963729576,   -0.266878959,   +0.000886432,  +22.455008144},
					{  +0.266879904,   +0.963729383,   -0.000936281,  -75.619774067},
					{  -0.000701417,   +0.001139156,   +0.999999176, +177.087787278},
					{  +0.000000000,   +0.000000000,   +0.000000000,   +1.000000000}};
				return t;
				default:
				return t;
			}
			case 10:
			switch (ofl.ladder_z) {
				case  0:
				t.matrix() = Eigen::Matrix4d{
					{  +0.703933387,   -0.710244433,   +0.000986695,  +55.785041746},
					{  +0.710240203,   +0.703952875,   -0.001543629,  -55.819158820},
					{  -0.006095507,   +0.001787469,   +0.999998324,  -70.300159167},
					{  +0.000000000,   +0.000000000,   +0.000000000,   +1.000000000}};
				return t;
				case  1:
				t.matrix() = Eigen::Matrix4d{
					{  +0.703667749,   -0.710528529,   +0.000995948,  +55.654334210},
					{  +0.710529115,   +0.703667480,   -0.000606528,  -55.674016872},
					{  -0.000195701,   +0.001134493,   +0.999999291, -186.407412561},
					{  +0.000000000,   +0.000000000,   +0.000000000,   +1.000000000}};
				return t;
				case  2:
				t.matrix() = Eigen::Matrix4d{
					{  +0.700585793,   -0.713568114,   -0.000085909,  +55.858390233},
					{  +0.713567839,   +0.700585698,   -0.000766529,  -55.951999895},
					{  +0.000610911,   +0.000475968,   +0.999999715,  +60.836481291},
					{  +0.000000000,   +0.000000000,   +0.000000000,   +1.000000000}};
				return t;
				case  3:
				t.matrix() = Eigen::Matrix4d{
					{  +0.700049010,   -0.714094568,   +0.000439167,  +55.879565787},
					{  +0.714094739,   +0.700048687,   -0.000816611,  -56.055019585},
					{  +0.000137655,   +0.000885561,   +0.999999567, +177.009374888},
					{  +0.000000000,   +0.000000000,   +0.000000000,   +1.000000000}};
				return t;
				default:
				return t;
			}
			case 11:
			switch (ofl.ladder_z) {
				case  0:
				t.matrix() = Eigen::Matrix4d{
					{  +0.254356525,   -0.967107104,   +0.000941004,  +75.180684836},
					{  +0.967092623,   +0.254367050,   -0.000822349,  -21.932417377},
					{  -0.005665599,   +0.001119086,   +0.999999206,  -70.230639197},
					{  +0.000000000,   +0.000000000,   +0.000000000,   +1.000000000}};
				return t;
				case  1:
				t.matrix() = Eigen::Matrix4d{
					{  +0.253977958,   -0.967209932,   +0.000480338,  +75.074493726},
					{  +0.967210073,   +0.253977813,   -0.000006241,  -21.874526898},
					{  +0.000233952,   +0.000465936,   +1.000000025, -186.338001886},
					{  +0.000000000,   +0.000000000,   +0.000000000,   +1.000000000}};
				return t;
				case  2:
				t.matrix() = Eigen::Matrix4d{
					{  +0.249788821,   -0.968300290,   -0.000376471,  +75.220752110},
					{  +0.968300067,   +0.249788934,   -0.000685870,  -22.008029610},
					{  +0.001037666,   -0.000194442,   +0.999999634,  +60.906061827},
					{  +0.000000000,   +0.000000000,   +0.000000000,   +1.000000000}};
				return t;
				case  3:
				t.matrix() = Eigen::Matrix4d{
					{  +0.249060798,   -0.968487874,   +0.000103266,  +75.210982513},
					{  +0.968487860,   +0.249060620,   -0.000466628,  -22.084223967},
					{  +0.000563905,   +0.000214830,   +0.999999903, +177.078972606},
					{  +0.000000000,   +0.000000000,   +0.000000000,   +1.000000000}};
				return t;
				default:
				return t;
			}
			default:
			return t;
		}
		case  4:
		switch (ofl.ladder_phi) {
			case  0:
			switch (ofl.ladder_z) {
				case  0:
				t.matrix() = Eigen::Matrix4d{
					{  -0.008089515,   -0.999967206,   +0.000383015,  +83.589190119},
					{  +0.999966506,   -0.008089954,   -0.001192347,   -2.531283833},
					{  +0.000927276,   +0.000374733,   +0.999999302,  -70.075733112},
					{  +0.000000000,   +0.000000000,   +0.000000000,   +1.000000000}};
				return t;
				case  1:
				t.matrix() = Eigen::Matrix4d{
					{  -0.007237343,   -0.999973780,   +0.000246954,  +83.584000802},
					{  +0.999973243,   -0.007237574,   -0.001010151,   -2.403997376},
					{  +0.000742802,   +0.000240771,   +0.999999494, -186.271733360},
					{  +0.000000000,   +0.000000000,   +0.000000000,   +1.000000000}};
				return t;
				case  2:
				t.matrix() = Eigen::Matrix4d{
					{  -0.008998510,   -0.999959510,   +0.000071420,  +83.600411289},
					{  +0.999959176,   -0.008998545,   -0.000746865,   -2.664377735},
					{  +0.000486465,   +0.000066330,   +0.999999678,  +61.006684514},
					{  +0.000000000,   +0.000000000,   +0.000000000,   +1.000000000}};
				return t;
				case  3:
				t.matrix() = Eigen::Matrix4d{
					{  -0.007839544,   -0.999967881,   +0.001666730,  +83.664959579},
					{  +0.999968899,   -0.007840868,   -0.000764675,   -2.747537084},
					{  +0.000529733,   +0.001661988,   +0.999998285, +177.185712051},
					{  +0.000000000,   +0.000000000,   +0.000000000,   +1.000000000}};
				return t;
				default:
				return t;
			}
			case  1:
			switch (ofl.ladder_z) {
				case  0:
				t.matrix() = Eigen::Matrix4d{
					{  -0.503150548,   -0.864198137,   +0.001001484,  +72.684445394},
					{  +0.864198386,   -0.503150607,   +0.000313821,  +37.942488749},
					{  +0.000979787,   +0.001022127,   +0.999999549,  -70.155297143},
					{  +0.000000000,   +0.000000000,   +0.000000000,   +1.000000000}};
				return t;
				case  1:
				t.matrix() = Eigen::Matrix4d{
					{  -0.503681182,   -0.863889323,   +0.000604777,  +72.597897522},
					{  +0.863889007,   -0.503681538,   -0.000282166,  +37.941457029},
					{  +0.001374915,   +0.000378653,   +0.999999655, -186.347141032},
					{  +0.000000000,   +0.000000000,   +0.000000000,   +1.000000000}};
				return t;
				case  2:
				t.matrix() = Eigen::Matrix4d{
					{  -0.505997863,   -0.862534202,   -0.000854127,  +72.686980127},
					{  +0.862534370,   -0.505997429,   -0.000841492,  +37.864599427},
					{  +0.000858016,   -0.001166079,   +0.999999333,  +61.003341534},
					{  +0.000000000,   +0.000000000,   +0.000000000,   +1.000000000}};
				return t;
				case  3:
				t.matrix() = Eigen::Matrix4d{
					{  -0.510102192,   -0.860113709,   +0.000317271,  +72.639079751},
					{  +0.860113287,   -0.510102346,   -0.000429685,  +37.789235843},
					{  +0.001241769,   +0.000046784,   +0.999999746, +177.168662236},
					{  +0.000000000,   +0.000000000,   +0.000000000,   +1.000000000}};
				return t;
				default:
				return t;
			}
			case  2:
			switch (ofl.ladder_z) {
				case  0:
				t.matrix() = Eigen::Matrix4d{
					{  -0.867987897,   -0.496583880,   +0.000419549,  +42.949834999},
					{  +0.496584015,   -0.867988298,   +0.000768931,  +67.673943535},
					{  -0.000962912,   +0.000877528,   +0.999999476,  -70.101795836},
					{  +0.000000000,   +0.000000000,   +0.000000000,   +1.000000000}};
				return t;
				case  1:
				t.matrix() = Eigen::Matrix4d{
					{  -0.868292706,   -0.496050696,   +0.000374197,  +42.909179130},
					{  +0.496050676,   -0.868293530,   +0.000054424,  +67.630195369},
					{  -0.000567872,   +0.000235248,   +1.000000101, -186.293655273},
					{  +0.000000000,   +0.000000000,   +0.000000000,   +1.000000000}};
				return t;
				case  2:
				t.matrix() = Eigen::Matrix4d{
					{  -0.869620847,   -0.493718339,   -0.000609226,  +42.952877089},
					{  +0.493718792,   -0.869620889,   -0.001159711,  +67.607270719},
					{  -0.001085149,   -0.001304270,   +0.999999069,  +61.056882453},
					{  +0.000000000,   +0.000000000,   +0.000000000,   +1.000000000}};
				return t;
				case  3:
				t.matrix() = Eigen::Matrix4d{
					{  -0.871963634,   -0.489569329,   +0.000199050,  +42.915342475},
					{  +0.489569208,   -0.871964374,   -0.000217136,  +67.517611280},
					{  -0.000702032,   -0.000082146,   +1.000000113, +177.222193201},
					{  +0.000000000,   +0.000000000,   +0.000000000,   +1.000000000}};
				return t;
				default:
				return t;
			}
			case  3:
			switch (ofl.ladder_z) {
				case  0:
				t.matrix() = Eigen::Matrix4d{
					{  -0.999904047,   -0.013848298,   -0.000291900,   +2.473940290},
					{  +0.013848418,   -0.999904042,   -0.000359593,  +78.634115807},
					{  -0.000308645,   -0.000363670,   +0.999999884,  -70.000433461},
					{  +0.000000000,   +0.000000000,   +0.000000000,   +1.000000000}};
				return t;
				case  1:
				t.matrix() = Eigen::Matrix4d{
					{  -0.999926874,   -0.012086923,   -0.000356270,   +2.516787014},
					{  +0.012087315,   -0.999926301,   -0.001135732,  +78.718594021},
					{  -0.000350827,   -0.001139971,   +0.999999282, -186.151787782},
					{  +0.000000000,   +0.000000000,   +0.000000000,   +1.000000000}};
				return t;
				case  2:
				t.matrix() = Eigen::Matrix4d{
					{  -0.999929352,   -0.011882890,   +0.000161950,   +2.498809658},
					{  +0.011882705,   -0.999928970,   -0.000925321,  +78.547252613},
					{  +0.000196328,   -0.000923341,   +0.999999564,  +61.123710073},
					{  +0.000000000,   +0.000000000,   +0.000000000,   +1.000000000}};
				return t;
				case  3:
				t.matrix() = Eigen::Matrix4d{
					{  -0.999929057,   -0.011904925,   +0.000286870,   +2.527748520},
					{  +0.011905124,   -0.999928984,   +0.000543408,  +78.512263812},
					{  +0.000299311,   +0.000546773,   +0.999999820, +177.307877652},
					{  +0.000000000,   +0.000000000,   +0.000000000,   +1.000000000}};
				return t;
				default:
				return t;
			}
			case  4:
			switch (ofl.ladder_z) {
				case  0:
				t.matrix() = Eigen::Matrix4d{
					{  -0.861919574,   +0.507044880,   +0.000538467,  -42.355299329},
					{  -0.507044892,   -0.861919645,   +0.000170429,  +67.163551948},
					{  +0.000547502,   -0.000126353,   +0.999999811,  -70.341382373},
					{  +0.000000000,   +0.000000000,   +0.000000000,   +1.000000000}};
				return t;
				case  1:
				t.matrix() = Eigen::Matrix4d{
					{  -0.862874356,   +0.505415923,   +0.001500127,  -42.448761463},
					{  -0.505418460,   -0.862871730,   -0.002214364,  +67.264359985},
					{  +0.000420414,   -0.002668958,   +0.999996429, -186.502033773},
					{  +0.000000000,   +0.000000000,   +0.000000000,   +1.000000000}};
				return t;
				case  2:
				t.matrix() = Eigen::Matrix4d{
					{  -0.860139791,   +0.510058199,   -0.000296987,  -42.291232926},
					{  -0.510058400,   -0.860139688,   +0.000511818,  +67.211142120},
					{  -0.000129882,   +0.000591167,   +0.999999847,  +60.841027325},
					{  +0.000000000,   +0.000000000,   +0.000000000,   +1.000000000}};
				return t;
				case  3:
				t.matrix() = Eigen::Matrix4d{
					{  -0.858691953,   +0.512451751,   -0.001064324,  -42.356039982},
					{  -0.512459402,   -0.858711300,   +0.002680455,  +67.362081004},
					{  -0.005701140,   +0.002846356,   +0.999995823, +176.947021694},
					{  +0.000000000,   +0.000000000,   +0.000000000,   +1.000000000}};
				return t;
				default:
				return t;
			}
			case  5:
			switch (ofl.ladder_z) {
				case  0:
				t.matrix() = Eigen::Matrix4d{
					{  -0.497059480,   +0.867716279,   +0.000617622,  -71.957513437},
					{  -0.867716640,   -0.497059578,   +0.000104858,  +37.464602804},
					{  +0.000808264,   -0.000485015,   +0.999999644,  -70.267388348},
					{  +0.000000000,   +0.000000000,   +0.000000000,   +1.000000000}};
				return t;
				case  1:
				t.matrix() = Eigen::Matrix4d{
					{  -0.498695138,   +0.866773213,   +0.002635272,  -72.115906519},
					{  -0.866777661,   -0.498693329,   -0.001489228,  +37.541826497},
					{  +0.000681852,   -0.003027125,   +0.999995448, -186.427986401},
					{  +0.000000000,   +0.000000000,   +0.000000000,   +1.000000000}};
				return t;
				case  2:
				t.matrix() = Eigen::Matrix4d{
					{  -0.494019772,   +0.869450577,   -0.000277167,  -71.894710698},
					{  -0.869450809,   -0.494019877,   -0.000012957,  +37.497012123},
					{  +0.000129623,   +0.000231595,   +1.000000079,  +60.915006532},
					{  +0.000000000,   +0.000000000,   +0.000000000,   +1.000000000}};
				return t;
				case  3:
				t.matrix() = Eigen::Matrix4d{
					{  -0.491573196,   +0.870821363,   -0.002018884,  -71.998604656},
					{  -0.870816164,   -0.491593277,   +0.001489781,  +37.559940568},
					{  -0.005442648,   +0.002486064,   +0.999996751, +177.021056446},
					{  +0.000000000,   +0.000000000,   +0.000000000,   +1.000000000}};
				return t;
				default:
				return t;
			}
			case  6:
			switch (ofl.ladder_z) {
				case  0:
				t.matrix() = Eigen::Matrix4d{
					{  +0.003684637,   +0.999993047,   +0.000574235,  -82.627989847},
					{  -0.999993018,   +0.003684265,   +0.000730463,   -3.094048710},
					{  +0.000652632,   -0.000576971,   +0.999999562,  -70.410751848},
					{  +0.000000000,   +0.000000000,   +0.000000000,   +1.000000000}};
				return t;
				case  1:
				t.matrix() = Eigen::Matrix4d{
					{  +0.001798616,   +0.999993520,   +0.003118722,  -82.814446199},
					{  -0.999998260,   +0.001797022,   +0.000359511,   -3.144833416},
					{  +0.000526395,   -0.003119374,   +0.999995073, -186.571324023},
					{  +0.000000000,   +0.000000000,   +0.000000000,   +1.000000000}};
				return t;
				case  2:
				t.matrix() = Eigen::Matrix4d{
					{  +0.007184117,   +0.999974184,   -0.000141607,  -82.577766876},
					{  -0.999974199,   +0.007184104,   +0.000180828,   -2.991186732},
					{  -0.000026329,   +0.000140185,   +0.999999978,  +60.771635713},
					{  +0.000000000,   +0.000000000,   +0.000000000,   +1.000000000}};
				return t;
				case  3:
				t.matrix() = Eigen::Matrix4d{
					{  +0.009985068,   +0.999947412,   -0.002401473,  -82.688535976},
					{  -0.999934366,   +0.009971731,   +0.000610717,   -2.950275212},
					{  -0.005598853,   +0.002395088,   +0.999996926, +176.877685725},
					{  +0.000000000,   +0.000000000,   +0.000000000,   +1.000000000}};
				return t;
				default:
				return t;
			}
			case  7:
			switch (ofl.ladder_z) {
				case  0:
				t.matrix() = Eigen::Matrix4d{
					{  +0.500791930,   +0.865567057,   +0.000259572,  -72.131815786},
					{  -0.865566141,   +0.500792981,   +0.000047392,  -43.702312251},
					{  -0.000935661,   -0.000247146,   +0.999999961,  -70.431845752},
					{  +0.000000000,   +0.000000000,   +0.000000000,   +1.000000000}};
				return t;
				case  1:
				t.matrix() = Eigen::Matrix4d{
					{  +0.502679295,   +0.864471991,   +0.000812283,  -72.160843832},
					{  -0.864471414,   +0.502680186,   +0.000393817,  -43.724071309},
					{  -0.000936163,   -0.000896969,   +0.999999609, -186.597118958},
					{  +0.000000000,   +0.000000000,   +0.000000000,   +1.000000000}};
				return t;
				case  2:
				t.matrix() = Eigen::Matrix4d{
					{  +0.501057644,   +0.865412793,   +0.000939926,  -72.055604567},
					{  -0.865412352,   +0.501058352,   +0.000586411,  -43.684868690},
					{  -0.000841853,   -0.001105715,   +0.999999494,  +60.669710352},
					{  +0.000000000,   +0.000000000,   +0.000000000,   +1.000000000}};
				return t;
				case  3:
				t.matrix() = Eigen::Matrix4d{
					{  +0.502099526,   +0.864808988,   +0.000663447,  -71.962334358},
					{  -0.864808283,   +0.502100397,   +0.000409832,  -43.620907556},
					{  -0.000838985,   -0.000776933,   +0.999999791, +176.823158978},
					{  +0.000000000,   +0.000000000,   +0.000000000,   +1.000000000}};
				return t;
				default:
				return t;
			}
			case  8:
			switch (ofl.ladder_z) {
				case  0:
				t.matrix() = Eigen::Matrix4d{
					{  +0.866721518,   +0.498790983,   +0.001039690,  -42.430357210},
					{  -0.498791427,   +0.866722129,   +0.000040110,  -73.484869641},
					{  -0.001095308,   -0.000552952,   +0.999999455,  -70.365588010},
					{  +0.000000000,   +0.000000000,   +0.000000000,   +1.000000000}};
				return t;
				case  1:
				t.matrix() = Eigen::Matrix4d{
					{  +0.868411064,   +0.495844258,   +0.000620815,  -42.530106160},
					{  -0.495843976,   +0.868411404,   -0.000729853,  -73.454851059},
					{  -0.001124216,   +0.000327187,   +0.999999532, -186.539723676},
					{  +0.000000000,   +0.000000000,   +0.000000000,   +1.000000000}};
				return t;
				case  2:
				t.matrix() = Eigen::Matrix4d{
					{  +0.866432740,   +0.499292421,   +0.001067774,  -42.284875454},
					{  -0.499293387,   +0.866432682,   +0.000791912,  -73.422862551},
					{  -0.000722225,   -0.001219006,   +0.999999196,  +60.735944302},
					{  +0.000000000,   +0.000000000,   +0.000000000,   +1.000000000}};
				return t;
				case  3:
				t.matrix() = Eigen::Matrix4d{
					{  +0.866307667,   +0.499509367,   +0.001061314,  -42.161540890},
					{  -0.499510054,   +0.866308106,   +0.000323748,  -73.348659529},
					{  -0.000976493,   -0.000810397,   +0.999999410, +176.920156656},
					{  +0.000000000,   +0.000000000,   +0.000000000,   +1.000000000}};
				return t;
				default:
				return t;
			}
			case  9:
			switch (ofl.ladder_z) {
				case  0:
				t.matrix() = Eigen::Matrix4d{
					{  +1.000001471,   +0.000611955,   +0.000957738,   -1.842554094},
					{  -0.000611011,   +0.999999516,   +0.000773787,  -84.314959778},
					{  +0.000856078,   -0.000771443,   +0.999998709,  -70.365278173},
					{  +0.000000000,   +0.000000000,   +0.000000000,   +1.000000000}};
				return t;
				case  1:
				t.matrix() = Eigen::Matrix4d{
					{  +0.999999344,   +0.002179603,   +0.000918168,   -1.952080775},
					{  -0.002178860,   +0.999997062,   +0.001063660,  -84.450331512},
					{  +0.000924427,   -0.001059901,   +0.999998409, -186.514734025},
					{  +0.000000000,   +0.000000000,   +0.000000000,   +1.000000000}};
				return t;
				case  2:
				t.matrix() = Eigen::Matrix4d{
					{  +0.999998880,   -0.002149413,   +0.001380017,   -1.694620787},
					{  +0.002149688,   +0.999997158,   +0.001032166,  -84.199927568},
					{  +0.000446464,   -0.001031248,   +0.999998744,  +60.774294684},
					{  +0.000000000,   +0.000000000,   +0.000000000,   +1.000000000}};
				return t;
				case  3:
				t.matrix() = Eigen::Matrix4d{
					{  +0.999983121,   -0.006034288,   +0.001280141,   -1.532467682},
					{  +0.006035435,   +0.999981701,   +0.000417196,  -84.120584543},
					{  +0.000551722,   -0.000418523,   +0.999999141, +176.943167745},
					{  +0.000000000,   +0.000000000,   +0.000000000,   +1.000000000}};
				return t;
				default:
				return t;
			}
			case 10:
			switch (ofl.ladder_z) {
				case  0:
				t.matrix() = Eigen::Matrix4d{
					{  +0.864864378,   -0.502005848,   +0.000881827,  +43.203539857},
					{  +0.502006069,   +0.864863329,   -0.000927976,  -72.910232208},
					{  +0.000464738,   +0.001245363,   +0.999999085,  -70.613292568},
					{  +0.000000000,   +0.000000000,   +0.000000000,   +1.000000000}};
				return t;
				case  1:
				t.matrix() = Eigen::Matrix4d{
					{  +0.864316210,   -0.502949426,   +0.000651388,  +43.103635603},
					{  +0.502949181,   +0.864315687,   -0.000221846,  -72.826107242},
					{  +0.000329781,   +0.000518647,   +0.999999785, -186.803858819},
					{  +0.000000000,   +0.000000000,   +0.000000000,   +1.000000000}};
				return t;
				case  2:
				t.matrix() = Eigen::Matrix4d{
					{  +0.865086870,   -0.501622641,   +0.000691406,  +43.324445309},
					{  +0.501622576,   +0.865086070,   -0.000643467,  -73.050510130},
					{  +0.000491722,   +0.000903921,   +0.999999442,  +60.472864108},
					{  +0.000000000,   +0.000000000,   +0.000000000,   +1.000000000}};
				return t;
				case  3:
				t.matrix() = Eigen::Matrix4d{
					{  +0.865752774,   -0.500472465,   +0.000690650,  +43.409047428},
					{  +0.500472288,   +0.865752237,   -0.000307335,  -73.115050463},
					{  +0.000310542,   +0.000613170,   +0.999999729, +176.657696344},
					{  +0.000000000,   +0.000000000,   +0.000000000,   +1.000000000}};
				return t;
				default:
				return t;
			}
			case 11:
			switch (ofl.ladder_z) {
				case  0:
				t.matrix() = Eigen::Matrix4d{
					{  +0.496792753,   -0.867869203,   +0.000315052,  +72.819714734},
					{  +0.867869274,   +0.496792563,   -0.000338960,  -43.050913495},
					{  +0.000275665,   +0.000441646,   +0.999999891,  -70.525197186},
					{  +0.000000000,   +0.000000000,   +0.000000000,   +1.000000000}};
				return t;
				case  1:
				t.matrix() = Eigen::Matrix4d{
					{  +0.496250149,   -0.868179503,   +0.000482723,  +72.791822385},
					{  +0.868179643,   +0.496249849,   -0.000489087,  -43.005812304},
					{  +0.000306480,   +0.000661571,   +0.999999758, -186.680643586},
					{  +0.000000000,   +0.000000000,   +0.000000000,   +1.000000000}};
				return t;
				case  2:
				t.matrix() = Eigen::Matrix4d{
					{  +0.497226492,   -0.867620790,   +0.000266584,  +72.867623728},
					{  +0.867620864,   +0.497226402,   -0.000065677,  -43.055626040},
					{  +0.000066677,   +0.000263826,   +0.999999980,  +60.580509584},
					{  +0.000000000,   +0.000000000,   +0.000000000,   +1.000000000}};
				return t;
				case  3:
				t.matrix() = Eigen::Matrix4d{
					{  +0.499157202,   -0.866511347,   +0.000531848,  +72.926229635},
					{  +0.866511503,   +0.499156872,   -0.000497332,  -43.096122152},
					{  +0.000318625,   +0.000709180,   +0.999999730, +176.758803439},
					{  +0.000000000,   +0.000000000,   +0.000000000,   +1.000000000}};
				return t;
				default:
				return t;
			}
			default:
			return t;
		}
		case  5:
		switch (ofl.ladder_phi) {
			case  0:
			switch (ofl.ladder_z) {
				case  0:
				t.matrix() = Eigen::Matrix4d{
					{  -0.196714782,   -0.980460562,   +0.000628021, +100.578664884},
					{  +0.980460506,   -0.196715167,   -0.000701255,  +16.623188199},
					{  +0.000701541,   +0.000478123,   +0.999999583,  -70.116157682},
					{  +0.000000000,   +0.000000000,   +0.000000000,   +1.000000000}};
				return t;
				case  1:
				t.matrix() = Eigen::Matrix4d{
					{  -0.197249708,   -0.980353175,   -0.000477470, +100.527466066},
					{  +0.980353125,   -0.197249233,   -0.000800857,  +16.688179122},
					{  +0.000579839,   -0.000625666,   +0.999999576, -186.316577484},
					{  +0.000000000,   +0.000000000,   +0.000000000,   +1.000000000}};
				return t;
				case  2:
				t.matrix() = Eigen::Matrix4d{
					{  -0.198006396,   -0.980200708,   +0.000239716, +100.621220043},
					{  +0.980200370,   -0.198006487,   -0.000905022,  +16.519889835},
					{  +0.000820083,   +0.000056262,   +0.999999604,  +60.949730374},
					{  +0.000000000,   +0.000000000,   +0.000000000,   +1.000000000}};
				return t;
				case  3:
				t.matrix() = Eigen::Matrix4d{
					{  -0.200233699,   -0.979747929,   +0.000688878, +100.676394919},
					{  +0.979747829,   -0.200234179,   -0.000779099,  +16.432521872},
					{  +0.000796710,   +0.000519711,   +0.999999496, +177.109727724},
					{  +0.000000000,   +0.000000000,   +0.000000000,   +1.000000000}};
				return t;
				default:
				return t;
			}
			case  1:
			switch (ofl.ladder_z) {
				case  0:
				t.matrix() = Eigen::Matrix4d{
					{  -0.556926623,   -0.830561431,   +0.000666248,  +85.702553238},
					{  +0.830561574,   -0.556926816,   -0.000131674,  +52.713092432},
					{  +0.000523505,   +0.000479990,   +0.999999767,  -70.112674137},
					{  +0.000000000,   +0.000000000,   +0.000000000,   +1.000000000}};
				return t;
				case  1:
				t.matrix() = Eigen::Matrix4d{
					{  -0.558444912,   -0.829541602,   +0.000139338,  +85.653148592},
					{  +0.829541546,   -0.558444918,   -0.000319177,  +52.735704847},
					{  +0.000405843,   -0.000062731,   +0.999999940, -186.269367208},
					{  +0.000000000,   +0.000000000,   +0.000000000,   +1.000000000}};
				return t;
				case  2:
				t.matrix() = Eigen::Matrix4d{
					{  -0.555916664,   -0.831237962,   -0.000357472,  +85.743817178},
					{  +0.831237840,   -0.555916141,   -0.000965315,  +52.653911154},
					{  +0.000621210,   -0.000833791,   +0.999999465,  +61.034359844},
					{  +0.000000000,   +0.000000000,   +0.000000000,   +1.000000000}};
				return t;
				case  3:
				t.matrix() = Eigen::Matrix4d{
					{  -0.558699262,   -0.829370322,   +0.000130304,  +85.757334685},
					{  +0.829370047,   -0.558699178,   -0.000751778,  +52.572197274},
					{  +0.000730818,   -0.000312028,   +0.999999702, +177.196633835},
					{  +0.000000000,   +0.000000000,   +0.000000000,   +1.000000000}};
				return t;
				default:
				return t;
			}
			case  2:
			switch (ofl.ladder_z) {
				case  0:
				t.matrix() = Eigen::Matrix4d{
					{  -0.832126150,   -0.554586901,   -0.000028146,  +58.175752111},
					{  +0.554586539,   -0.832125796,   -0.000179830,  +80.217581374},
					{  +0.000915552,   -0.000166159,   +0.999999809,  -70.084440434},
					{  +0.000000000,   +0.000000000,   +0.000000000,   +1.000000000}};
				return t;
				case  1:
				t.matrix() = Eigen::Matrix4d{
					{  -0.832894106,   -0.553432893,   -0.000061351,  +58.191529625},
					{  +0.553432431,   -0.832893540,   -0.000701396,  +80.275416547},
					{  +0.001174265,   -0.000620195,   +0.999999361, -186.240086269},
					{  +0.000000000,   +0.000000000,   +0.000000000,   +1.000000000}};
				return t;
				case  2:
				t.matrix() = Eigen::Matrix4d{
					{  -0.832824880,   -0.553536964,   -0.000367257,  +58.119927693},
					{  +0.553536708,   -0.832824400,   -0.000462179,  +80.178012661},
					{  +0.000818426,   -0.000590155,   +0.999999754,  +61.066018655},
					{  +0.000000000,   +0.000000000,   +0.000000000,   +1.000000000}};
				return t;
				case  3:
				t.matrix() = Eigen::Matrix4d{
					{  -0.832749360,   -0.553650635,   -0.000222460,  +58.101895038},
					{  +0.553650313,   -0.832748998,   -0.000189504,  +80.143564723},
					{  +0.000775856,   -0.000282812,   +0.999999912, +177.248882272},
					{  +0.000000000,   +0.000000000,   +0.000000000,   +1.000000000}};
				return t;
				default:
				return t;
			}
			case  3:
			switch (ofl.ladder_z) {
				case  0:
				t.matrix() = Eigen::Matrix4d{
					{  -0.981878717,   -0.189509797,   -0.000289604,  +21.997061783},
					{  +0.189509901,   -0.981878802,   -0.000185366,  +95.253315144},
					{  -0.000316868,   -0.000236422,   +0.999999926,  -69.939666117},
					{  +0.000000000,   +0.000000000,   +0.000000000,   +1.000000000}};
				return t;
